import numpy as np
exact_kernel_matrix = np.array([[9.99997020e-01, 4.16797727e-01, 9.95859444e-01, 1.22658610e-02,
        4.00533453e-02, 1.66073337e-03, 4.15333025e-02, 5.39149120e-02,
        4.88586500e-02, 2.25652725e-01, 3.52617428e-02, 5.86949229e-01,
        1.91702247e-02, 1.65223405e-02, 1.43488813e-02, 1.25524238e-01,
        7.29290303e-03, 6.73544824e-01, 3.68839204e-02, 1.31423762e-02,
        1.23631068e-01, 1.10620171e-01, 6.15473986e-01, 7.73547232e-01,
        1.12327635e-01, 1.44802526e-01, 6.63782597e-01, 1.02996640e-02,
        1.13520129e-02, 7.25027084e-01],
       [4.16797727e-01, 9.99996543e-01, 4.18135405e-01, 3.54167044e-01,
        4.64002490e-01, 5.29697686e-02, 5.36311865e-01, 4.65644807e-01,
        5.24522901e-01, 3.87628496e-01, 4.39755797e-01, 9.58006382e-01,
        4.56320047e-01, 9.14816782e-02, 4.11740631e-01, 8.17560196e-01,
        1.15450338e-01, 8.22170317e-01, 2.82476187e-01, 1.33511290e-01,
        8.14254642e-01, 4.41829503e-01, 7.12543726e-01, 5.70625126e-01,
        4.57302004e-01, 5.46972632e-01, 5.60775578e-01, 1.66694596e-01,
        1.73543260e-01, 6.47916913e-01],
       [9.95859444e-01, 4.18135405e-01, 9.99997020e-01, 1.19215036e-02,
        3.83356586e-02, 8.59975407e-04, 4.27943021e-02, 5.18005863e-02,
        4.70901579e-02, 1.99061334e-01, 3.35983559e-02, 5.83083749e-01,
        1.86286792e-02, 1.80949420e-02, 1.36465970e-02, 1.26526535e-01,
        7.79704144e-03, 6.96495771e-01, 3.94039229e-02, 1.40993651e-02,
        1.24696568e-01, 1.02714881e-01, 5.81016123e-01, 7.31434226e-01,
        1.04589634e-01, 1.35400847e-01, 6.18510723e-01, 8.72260612e-03,
        1.00416215e-02, 7.62049198e-01],
       [1.22658610e-02, 3.54167044e-01, 1.19215036e-02, 9.99999404e-01,
        3.84800225e-01, 1.19426057e-01, 9.46703672e-01, 2.80469596e-01,
        4.26591247e-01, 9.29819643e-02, 3.86459261e-01, 2.25963995e-01,
        9.36361611e-01, 2.79164892e-02, 9.43357706e-01, 6.55073524e-01,
        7.76172504e-02, 1.81879193e-01, 7.60989189e-01, 6.01322539e-02,
        6.61732793e-01, 1.33517683e-01, 1.11803234e-01, 6.06573820e-02,
        1.40842304e-01, 1.68794304e-01, 7.31354058e-02, 3.75585139e-01,
        4.76930618e-01, 1.06348291e-01],
       [4.00533453e-02, 4.64002490e-01, 3.83356586e-02, 3.84800225e-01,
        1.00000000e+00, 5.28003514e-01, 4.57320333e-01, 9.71416950e-01,
        9.93916750e-01, 3.36033106e-01, 9.98971701e-01, 3.37065101e-01,
        5.94872713e-01, 4.00106996e-01, 5.78645468e-01, 7.24729717e-01,
        6.23939872e-01, 1.72177017e-01, 1.32567331e-01, 5.94892085e-01,
        7.21292257e-01, 6.92074060e-01, 2.52205491e-01, 1.24091119e-01,
        7.09922075e-01, 7.24212766e-01, 1.55508637e-01, 8.02278638e-01,
        7.63821244e-01, 9.24580693e-02],
       [1.66073337e-03, 5.29697686e-02, 8.59975407e-04, 1.19426057e-01,
        5.28003514e-01, 9.99997616e-01, 1.10919490e-01, 5.11008322e-01,
        4.65075672e-01, 7.86531493e-02, 5.51374853e-01, 2.54795328e-02,
        1.94440186e-01, 4.81861740e-01, 2.01430917e-01, 1.65885881e-01,
        8.35817337e-01, 1.10057611e-02, 4.02099043e-02, 6.93114638e-01,
        1.65098459e-01, 2.80315071e-01, 1.96075980e-02, 1.04348995e-02,
        2.85018086e-01, 2.46387094e-01, 1.50507605e-02, 7.73469210e-01,
        6.63315773e-01, 6.79715350e-03],
       [4.15333025e-02, 5.36311865e-01, 4.27943021e-02, 9.46703672e-01,
        4.57320333e-01, 1.10919490e-01, 9.99995232e-01, 3.53835881e-01,
        5.11413038e-01, 1.18579298e-01, 4.53313768e-01, 3.75840843e-01,
        9.43980813e-01, 3.77347656e-02, 9.26981211e-01, 8.14489782e-01,
        9.33640748e-02, 3.31652045e-01, 7.44868994e-01, 7.80297741e-02,
        8.20465565e-01, 1.82710916e-01, 1.83321893e-01, 1.08192995e-01,
        1.93211019e-01, 2.34938353e-01, 1.18811883e-01, 3.56240004e-01,
        4.35930848e-01, 2.22002491e-01],
       [5.39149120e-02, 4.65644807e-01, 5.18005863e-02, 2.80469596e-01,
        9.71416950e-01, 5.11008322e-01, 3.53835881e-01, 9.99998331e-01,
        9.57524419e-01, 4.25305724e-01, 9.64785695e-01, 3.60605896e-01,
        4.66380656e-01, 5.18423855e-01, 4.48325872e-01, 6.52156591e-01,
        6.88790321e-01, 1.80541337e-01, 9.31889638e-02, 6.95111752e-01,
        6.47238731e-01, 8.16666365e-01, 3.03970933e-01, 1.56638965e-01,
        8.31731319e-01, 8.33998501e-01, 1.95540488e-01, 7.09332705e-01,
        6.46996737e-01, 1.02502242e-01],
       [4.88586500e-02, 5.24522901e-01, 4.70901579e-02, 4.26591247e-01,
        9.93916750e-01, 4.65075672e-01, 5.11413038e-01, 9.57524419e-01,
        9.99999225e-01, 3.47163498e-01, 9.89735484e-01, 3.87552917e-01,
        6.41401768e-01, 3.51494670e-01, 6.21616006e-01, 7.86912441e-01,
        5.57545900e-01, 2.08040148e-01, 1.57519341e-01, 5.33983946e-01,
        7.83604503e-01, 6.83481455e-01, 2.85179615e-01, 1.45696983e-01,
        7.02433050e-01, 7.28815317e-01, 1.78733438e-01, 7.64160633e-01,
        7.39437878e-01, 1.14622012e-01],
       [2.25652725e-01, 3.87628496e-01, 1.99061334e-01, 9.29819643e-02,
        3.36033106e-01, 7.86531493e-02, 1.18579298e-01, 4.25305724e-01,
        3.47163498e-01, 9.99994516e-01, 3.18775594e-01, 4.41171825e-01,
        1.40792727e-01, 3.42612147e-01, 1.32832900e-01, 2.81417787e-01,
        1.92163169e-01, 1.98477358e-01, 3.80822383e-02, 2.78912365e-01,
        2.77123183e-01, 7.63376892e-01, 7.34105527e-01, 5.99182844e-01,
        7.52553940e-01, 7.66653419e-01, 7.12008119e-01, 1.41432166e-01,
        1.32619351e-01, 1.21893965e-01],
       [3.52617428e-02, 4.39755797e-01, 3.35983559e-02, 3.86459261e-01,
        9.98971701e-01, 5.51374853e-01, 4.53313768e-01, 9.64785695e-01,
        9.89735484e-01, 3.18775594e-01, 9.99997735e-01, 3.14277261e-01,
        5.96368194e-01, 4.00161952e-01, 5.82006812e-01, 7.09101319e-01,
        6.35228634e-01, 1.57965332e-01, 1.30926818e-01, 5.99513888e-01,
        7.05903888e-01, 6.73100233e-01, 2.32655793e-01, 1.12164691e-01,
        6.90701485e-01, 7.02058554e-01, 1.41858891e-01, 8.25948715e-01,
        7.87013769e-01, 8.32203850e-02],
       [5.86949229e-01, 9.58006382e-01, 5.83083749e-01, 2.25963995e-01,
        3.37065101e-01, 2.54795328e-02, 3.75840843e-01, 3.60605896e-01,
        3.87552917e-01, 4.41171825e-01, 3.14277261e-01, 9.99993563e-01,
        2.98760116e-01, 7.88086727e-02, 2.62771666e-01, 6.49710178e-01,
        7.81184435e-02, 8.74686956e-01, 1.99816659e-01, 1.01029247e-01,
        6.45546496e-01, 4.14860189e-01, 8.36218774e-01, 7.36736536e-01,
        4.26556766e-01, 5.13968647e-01, 7.10718989e-01, 9.18365866e-02,
        9.37249810e-02, 7.23454475e-01],
       [1.91702247e-02, 4.56320047e-01, 1.86286792e-02, 9.36361611e-01,
        5.94872713e-01, 1.94440186e-01, 9.43980813e-01, 4.66380656e-01,
        6.41401768e-01, 1.40792727e-01, 5.96368194e-01, 2.98760116e-01,
        9.99999344e-01, 6.01485074e-02, 9.96974349e-01, 8.12642455e-01,
        1.53664738e-01, 2.11671919e-01, 5.76033473e-01, 1.25735074e-01,
        8.17730665e-01, 2.37279415e-01, 1.58322096e-01, 8.18557739e-02,
        2.49361426e-01, 2.88338482e-01, 9.89729017e-02, 5.40299654e-01,
        6.37077749e-01, 1.17737085e-01],
       [1.65223405e-02, 9.14816782e-02, 1.80949420e-02, 2.79164892e-02,
        4.00106996e-01, 4.81861740e-01, 3.77347656e-02, 5.18423855e-01,
        3.51494670e-01, 3.42612147e-01, 4.00161952e-01, 7.88086727e-02,
        6.01485074e-02, 1.00000095e+00, 5.81533015e-02, 1.12648509e-01,
        8.10310960e-01, 4.33939770e-02, 1.51113514e-02, 9.19666648e-01,
        1.10551447e-01, 6.43919289e-01, 1.04405954e-01, 4.60290536e-02,
        6.32950425e-01, 5.39341450e-01, 6.89080358e-02, 3.16416085e-01,
        2.32838571e-01, 3.76578420e-02],
       [1.43488813e-02, 4.11740631e-01, 1.36465970e-02, 9.43357706e-01,
        5.78645468e-01, 2.01430917e-01, 9.26981211e-01, 4.48325872e-01,
        6.21616006e-01, 1.32832900e-01, 5.82006812e-01, 2.62771666e-01,
        9.96974349e-01, 5.81533015e-02, 9.99999583e-01, 7.72613347e-01,
        1.51536614e-01, 1.79519653e-01, 5.70019901e-01, 1.22093804e-01,
        7.77880073e-01, 2.23129421e-01, 1.40120432e-01, 7.07621053e-02,
        2.34368831e-01, 2.69543737e-01, 8.76292884e-02, 5.53669214e-01,
        6.56623662e-01, 9.50467438e-02],
       [1.25524238e-01, 8.17560196e-01, 1.26526535e-01, 6.55073524e-01,
        7.24729717e-01, 1.65885881e-01, 8.14489782e-01, 6.52156591e-01,
        7.86912441e-01, 2.81417787e-01, 7.09101319e-01, 6.49710178e-01,
        8.12642455e-01, 1.12648509e-01, 7.72613347e-01, 9.99997020e-01,
        2.09218085e-01, 4.93470639e-01, 4.03173864e-01, 2.01273054e-01,
        9.99929905e-01, 4.44847077e-01, 4.04999465e-01, 2.54417658e-01,
        4.64056969e-01, 5.36925018e-01, 2.73193270e-01, 4.39810365e-01,
        4.74656284e-01, 3.31689507e-01],
       [7.29290303e-03, 1.15450338e-01, 7.79704144e-03, 7.76172504e-02,
        6.23939872e-01, 8.35817337e-01, 9.33640748e-02, 6.88790321e-01,
        5.57545900e-01, 1.92163169e-01, 6.35228634e-01, 7.81184435e-02,
        1.53664738e-01, 8.10310960e-01, 1.51536614e-01, 2.09218085e-01,
        9.99998748e-01, 4.19735909e-02, 3.01185176e-02, 9.66395497e-01,
        2.06796005e-01, 5.49673080e-01, 6.35928884e-02, 2.19794754e-02,
        5.52254081e-01, 4.85069692e-01, 3.29989679e-02, 6.32639289e-01,
        5.05299628e-01, 3.16055119e-02],
       [6.73544824e-01, 8.22170317e-01, 6.96495771e-01, 1.81879193e-01,
        1.72177017e-01, 1.10057611e-02, 3.31652045e-01, 1.80541337e-01,
        2.08040148e-01, 1.98477358e-01, 1.57965332e-01, 8.74686956e-01,
        2.11671919e-01, 4.33939770e-02, 1.79519653e-01, 4.93470639e-01,
        4.19735909e-02, 9.99997020e-01, 2.59813666e-01, 5.25919348e-02,
        4.91799295e-01, 1.91219106e-01, 5.97633004e-01, 5.84163547e-01,
        1.99299276e-01, 2.56191164e-01, 5.08355856e-01, 3.06562334e-02,
        3.07829790e-02, 9.54631865e-01],
       [3.68839204e-02, 2.82476187e-01, 3.94039229e-02, 7.60989189e-01,
        1.32567331e-01, 4.02099043e-02, 7.44868994e-01, 9.31889638e-02,
        1.57519341e-01, 3.80822383e-02, 1.30926818e-01, 1.99816659e-01,
        5.76033473e-01, 1.51113514e-02, 5.70019901e-01, 4.03173864e-01,
        3.01185176e-02, 2.59813666e-01, 9.99996901e-01, 2.45794356e-02,
        4.09076393e-01, 4.49648723e-02, 8.05297792e-02, 6.04921877e-02,
        4.78613675e-02, 6.16562515e-02, 6.04434721e-02, 1.11427695e-01,
        1.52450264e-01, 2.17240483e-01],
       [1.31423762e-02, 1.33511290e-01, 1.40993651e-02, 6.01322539e-02,
        5.94892085e-01, 6.93114638e-01, 7.80297741e-02, 6.95111752e-01,
        5.33983946e-01, 2.78912365e-01, 5.99513888e-01, 1.01029247e-01,
        1.25735074e-01, 9.19666648e-01, 1.22093804e-01, 2.01273054e-01,
        9.66395497e-01, 5.25919348e-02, 2.45794356e-02, 9.99994516e-01,
        1.98393971e-01, 6.59687221e-01, 9.95136648e-02, 3.90372239e-02,
        6.58284187e-01, 5.79724073e-01, 5.71349896e-02, 5.21559715e-01,
        4.06076074e-01, 4.03239131e-02],
       [1.23631068e-01, 8.14254642e-01, 1.24696568e-01, 6.61732793e-01,
        7.21292257e-01, 1.65098459e-01, 8.20465565e-01, 6.47238731e-01,
        7.83604503e-01, 2.77123183e-01, 7.05903888e-01, 6.45546496e-01,
        8.17730665e-01, 1.10551447e-01, 7.77880073e-01, 9.99929905e-01,
        2.06796005e-01, 4.91799295e-01, 4.09076393e-01, 1.98393971e-01,
        9.99997973e-01, 4.38815117e-01, 4.00163352e-01, 2.51023203e-01,
        4.57922280e-01, 5.30393004e-01, 2.69516170e-01, 4.39584315e-01,
        4.75484222e-01, 3.30585063e-01],
       [1.10620171e-01, 4.41829503e-01, 1.02714881e-01, 1.33517683e-01,
        6.92074060e-01, 2.80315071e-01, 1.82710916e-01, 8.16666365e-01,
        6.83481455e-01, 7.63376892e-01, 6.73100233e-01, 4.14860189e-01,
        2.37279415e-01, 6.43919289e-01, 2.23129421e-01, 4.44847077e-01,
        5.49673080e-01, 1.91219106e-01, 4.49648723e-02, 6.59687221e-01,
        4.38815117e-01, 9.99992847e-01, 5.08344769e-01, 3.19778919e-01,
        9.99384999e-01, 9.84773040e-01, 3.95960301e-01, 3.73681039e-01,
        3.22422683e-01, 1.15741834e-01],
       [6.15473986e-01, 7.12543726e-01, 5.81016123e-01, 1.11803234e-01,
        2.52205491e-01, 1.96075980e-02, 1.83321893e-01, 3.03970933e-01,
        2.85179615e-01, 7.34105527e-01, 2.32655793e-01, 8.36218774e-01,
        1.58322096e-01, 1.04405954e-01, 1.40120432e-01, 4.04999465e-01,
        6.35928884e-02, 5.97633004e-01, 8.05297792e-02, 9.95136648e-02,
        4.00163352e-01, 5.08344769e-01, 9.99996364e-01, 9.39977884e-01,
        5.10887980e-01, 5.85606456e-01, 9.62790489e-01, 6.74015880e-02,
        6.81272000e-02, 4.69455689e-01],
       [7.73547232e-01, 5.70625126e-01, 7.31434226e-01, 6.06573820e-02,
        1.24091119e-01, 1.04348995e-02, 1.08192995e-01, 1.56638965e-01,
        1.45696983e-01, 5.99182844e-01, 1.12164691e-01, 7.36736536e-01,
        8.18557739e-02, 4.60290536e-02, 7.07621053e-02, 2.54417658e-01,
        2.19794754e-02, 5.84163547e-01, 6.04921877e-02, 3.90372239e-02,
        2.51023203e-01, 3.19778919e-01, 9.39977884e-01, 9.99995351e-01,
        3.20291370e-01, 3.80846381e-01, 9.82328236e-01, 3.10302973e-02,
        3.22584622e-02, 5.02832413e-01],
       [1.12327635e-01, 4.57302004e-01, 1.04589634e-01, 1.40842304e-01,
        7.09922075e-01, 2.85018086e-01, 1.93211019e-01, 8.31731319e-01,
        7.02433050e-01, 7.52553940e-01, 6.90701485e-01, 4.26556766e-01,
        2.49361426e-01, 6.32950425e-01, 2.34368831e-01, 4.64056969e-01,
        5.52254081e-01, 1.99299276e-01, 4.78613675e-02, 6.58284187e-01,
        4.57922280e-01, 9.99384999e-01, 5.10887980e-01, 3.20291370e-01,
        9.99996841e-01, 9.88737762e-01, 3.95017743e-01, 3.84852052e-01,
        3.33277464e-01, 1.20826930e-01],
       [1.44802526e-01, 5.46972632e-01, 1.35400847e-01, 1.68794304e-01,
        7.24212766e-01, 2.46387094e-01, 2.34938353e-01, 8.33998501e-01,
        7.28815317e-01, 7.66653419e-01, 7.02058554e-01, 5.13968647e-01,
        2.88338482e-01, 5.39341450e-01, 2.69543737e-01, 5.36925018e-01,
        4.85069692e-01, 2.56191164e-01, 6.16562515e-02, 5.79724073e-01,
        5.30393004e-01, 9.84773040e-01, 5.85606456e-01, 3.80846381e-01,
        9.88737762e-01, 9.99995530e-01, 4.56496239e-01, 3.72898668e-01,
        3.30731422e-01, 1.57921284e-01],
       [6.63782597e-01, 5.60775578e-01, 6.18510723e-01, 7.31354058e-02,
        1.55508637e-01, 1.50507605e-02, 1.18811883e-01, 1.95540488e-01,
        1.78733438e-01, 7.12008119e-01, 1.41858891e-01, 7.10718989e-01,
        9.89729017e-02, 6.89080358e-02, 8.76292884e-02, 2.73193270e-01,
        3.29989679e-02, 5.08355856e-01, 6.04434721e-02, 5.71349896e-02,
        2.69516170e-01, 3.95960301e-01, 9.62790489e-01, 9.82328236e-01,
        3.95017743e-01, 4.56496239e-01, 9.99999821e-01, 4.28286567e-02,
        4.44626808e-02, 4.12011206e-01],
       [1.02996640e-02, 1.66694596e-01, 8.72260612e-03, 3.75585139e-01,
        8.02278638e-01, 7.73469210e-01, 3.56240004e-01, 7.09332705e-01,
        7.64160633e-01, 1.41432166e-01, 8.25948715e-01, 9.18365866e-02,
        5.40299654e-01, 3.16416085e-01, 5.53669214e-01, 4.39810365e-01,
        6.32639289e-01, 3.06562334e-02, 1.11427695e-01, 5.21559715e-01,
        4.39584315e-01, 3.73681039e-01, 6.74015880e-02, 3.10302973e-02,
        3.84852052e-01, 3.72898668e-01, 4.28286567e-02, 9.99997139e-01,
        9.77881432e-01, 8.65588617e-03],
       [1.13520129e-02, 1.73543260e-01, 1.00416215e-02, 4.76930618e-01,
        7.63821244e-01, 6.63315773e-01, 4.35930848e-01, 6.46996737e-01,
        7.39437878e-01, 1.32619351e-01, 7.87013769e-01, 9.37249810e-02,
        6.37077749e-01, 2.32838571e-01, 6.56623662e-01, 4.74656284e-01,
        5.05299628e-01, 3.07829790e-02, 1.52450264e-01, 4.06076074e-01,
        4.75484222e-01, 3.22422683e-01, 6.81272000e-02, 3.22584622e-02,
        3.33277464e-01, 3.30731422e-01, 4.44626808e-02, 9.77881432e-01,
        9.99997556e-01, 7.57336430e-03],
       [7.25027084e-01, 6.47916913e-01, 7.62049198e-01, 1.06348291e-01,
        9.24580693e-02, 6.79715350e-03, 2.22002491e-01, 1.02502242e-01,
        1.14622012e-01, 1.21893965e-01, 8.32203850e-02, 7.23454475e-01,
        1.17737085e-01, 3.76578420e-02, 9.50467438e-02, 3.31689507e-01,
        3.16055119e-02, 9.54631865e-01, 2.17240483e-01, 4.03239131e-02,
        3.30585063e-01, 1.15741834e-01, 4.69455689e-01, 5.02832413e-01,
        1.20826930e-01, 1.57921284e-01, 4.12011206e-01, 8.65588617e-03,
        7.57336430e-03, 9.99999404e-01]])

noisy_kernel_matrix = np.array([[0.081, 0.052, 0.073, 0.032, 0.039, 0.034, 0.032, 0.043, 0.047,
        0.045, 0.029, 0.059, 0.036, 0.033, 0.037, 0.035, 0.031, 0.068,
        0.035, 0.039, 0.038, 0.029, 0.055, 0.057, 0.035, 0.048, 0.052,
        0.031, 0.027, 0.049],
       [0.052, 0.086, 0.056, 0.048, 0.054, 0.034, 0.055, 0.065, 0.069,
        0.057, 0.064, 0.081, 0.061, 0.035, 0.058, 0.07 , 0.039, 0.07 ,
        0.041, 0.039, 0.065, 0.05 , 0.071, 0.065, 0.06 , 0.061, 0.063,
        0.036, 0.045, 0.071],
       [0.073, 0.056, 0.066, 0.028, 0.03 , 0.027, 0.039, 0.027, 0.034,
        0.046, 0.032, 0.062, 0.026, 0.028, 0.048, 0.035, 0.035, 0.062,
        0.026, 0.028, 0.046, 0.043, 0.062, 0.071, 0.041, 0.039, 0.06 ,
        0.027, 0.032, 0.06 ],
       [0.032, 0.048, 0.028, 0.072, 0.053, 0.042, 0.088, 0.048, 0.052,
        0.03 , 0.035, 0.054, 0.071, 0.036, 0.091, 0.075, 0.03 , 0.052,
        0.063, 0.037, 0.055, 0.035, 0.041, 0.035, 0.036, 0.038, 0.032,
        0.052, 0.065, 0.048],
       [0.039, 0.054, 0.03 , 0.053, 0.084, 0.06 , 0.055, 0.083, 0.077,
        0.061, 0.088, 0.065, 0.074, 0.041, 0.064, 0.064, 0.054, 0.035,
        0.035, 0.073, 0.081, 0.054, 0.051, 0.032, 0.069, 0.057, 0.045,
        0.083, 0.062, 0.037],
       [0.034, 0.034, 0.027, 0.042, 0.06 , 0.08 , 0.049, 0.058, 0.054,
        0.028, 0.073, 0.037, 0.043, 0.051, 0.032, 0.042, 0.063, 0.034,
        0.036, 0.065, 0.048, 0.039, 0.038, 0.035, 0.036, 0.043, 0.027,
        0.07 , 0.065, 0.029],
       [0.032, 0.055, 0.039, 0.088, 0.055, 0.049, 0.069, 0.033, 0.051,
        0.046, 0.053, 0.049, 0.074, 0.034, 0.088, 0.061, 0.051, 0.046,
        0.069, 0.04 , 0.072, 0.036, 0.051, 0.042, 0.052, 0.049, 0.04 ,
        0.047, 0.049, 0.062],
       [0.043, 0.065, 0.027, 0.048, 0.083, 0.058, 0.033, 0.088, 0.089,
        0.06 , 0.081, 0.044, 0.04 , 0.061, 0.062, 0.062, 0.069, 0.045,
        0.038, 0.059, 0.066, 0.068, 0.038, 0.044, 0.069, 0.083, 0.049,
        0.078, 0.075, 0.037],
       [0.047, 0.069, 0.034, 0.052, 0.077, 0.054, 0.051, 0.089, 0.085,
        0.056, 0.076, 0.054, 0.054, 0.055, 0.072, 0.077, 0.066, 0.049,
        0.04 , 0.066, 0.071, 0.057, 0.045, 0.033, 0.069, 0.061, 0.042,
        0.081, 0.076, 0.044],
       [0.045, 0.057, 0.046, 0.03 , 0.061, 0.028, 0.046, 0.06 , 0.056,
        0.075, 0.054, 0.068, 0.031, 0.052, 0.039, 0.046, 0.036, 0.038,
        0.022, 0.045, 0.051, 0.064, 0.063, 0.055, 0.073, 0.065, 0.065,
        0.044, 0.03 , 0.047],
       [0.029, 0.064, 0.032, 0.035, 0.088, 0.073, 0.053, 0.081, 0.076,
        0.054, 0.093, 0.057, 0.062, 0.062, 0.06 , 0.069, 0.064, 0.044,
        0.043, 0.071, 0.052, 0.071, 0.053, 0.037, 0.062, 0.055, 0.031,
        0.078, 0.059, 0.035],
       [0.059, 0.081, 0.062, 0.054, 0.065, 0.037, 0.049, 0.044, 0.054,
        0.068, 0.057, 0.066, 0.05 , 0.046, 0.057, 0.064, 0.036, 0.082,
        0.034, 0.038, 0.067, 0.059, 0.065, 0.068, 0.058, 0.049, 0.061,
        0.038, 0.034, 0.063],
       [0.036, 0.061, 0.026, 0.071, 0.074, 0.043, 0.074, 0.04 , 0.054,
        0.031, 0.062, 0.05 , 0.068, 0.033, 0.089, 0.067, 0.052, 0.048,
        0.055, 0.054, 0.066, 0.046, 0.044, 0.029, 0.048, 0.047, 0.037,
        0.054, 0.06 , 0.044],
       [0.033, 0.035, 0.028, 0.036, 0.041, 0.051, 0.034, 0.061, 0.055,
        0.052, 0.062, 0.046, 0.033, 0.073, 0.036, 0.035, 0.077, 0.042,
        0.036, 0.07 , 0.028, 0.065, 0.03 , 0.045, 0.068, 0.061, 0.042,
        0.063, 0.037, 0.024],
       [0.037, 0.058, 0.048, 0.091, 0.064, 0.032, 0.088, 0.062, 0.072,
        0.039, 0.06 , 0.057, 0.089, 0.036, 0.063, 0.058, 0.035, 0.051,
        0.067, 0.045, 0.068, 0.045, 0.058, 0.033, 0.044, 0.057, 0.034,
        0.045, 0.069, 0.037],
       [0.035, 0.07 , 0.035, 0.075, 0.064, 0.042, 0.061, 0.062, 0.077,
        0.046, 0.069, 0.064, 0.067, 0.035, 0.058, 0.086, 0.039, 0.047,
        0.046, 0.04 , 0.076, 0.051, 0.051, 0.044, 0.071, 0.058, 0.049,
        0.071, 0.055, 0.049],
       [0.031, 0.039, 0.035, 0.03 , 0.054, 0.063, 0.051, 0.069, 0.066,
        0.036, 0.064, 0.036, 0.052, 0.077, 0.035, 0.039, 0.075, 0.042,
        0.029, 0.074, 0.041, 0.048, 0.043, 0.039, 0.045, 0.055, 0.034,
        0.071, 0.06 , 0.029],
       [0.068, 0.07 , 0.062, 0.052, 0.035, 0.034, 0.046, 0.045, 0.049,
        0.038, 0.044, 0.082, 0.048, 0.042, 0.051, 0.047, 0.042, 0.078,
        0.048, 0.045, 0.063, 0.04 , 0.075, 0.052, 0.043, 0.042, 0.043,
        0.042, 0.033, 0.063],
       [0.035, 0.041, 0.026, 0.063, 0.035, 0.036, 0.069, 0.038, 0.04 ,
        0.022, 0.043, 0.034, 0.055, 0.036, 0.067, 0.046, 0.029, 0.048,
        0.08 , 0.041, 0.046, 0.036, 0.03 , 0.038, 0.026, 0.036, 0.045,
        0.039, 0.052, 0.04 ],
       [0.039, 0.039, 0.028, 0.037, 0.073, 0.065, 0.04 , 0.059, 0.066,
        0.045, 0.071, 0.038, 0.054, 0.07 , 0.045, 0.04 , 0.074, 0.045,
        0.041, 0.087, 0.033, 0.071, 0.031, 0.033, 0.062, 0.054, 0.035,
        0.069, 0.051, 0.04 ],
       [0.038, 0.065, 0.046, 0.055, 0.081, 0.048, 0.072, 0.066, 0.071,
        0.051, 0.052, 0.067, 0.066, 0.028, 0.068, 0.076, 0.041, 0.063,
        0.046, 0.033, 0.068, 0.062, 0.062, 0.039, 0.067, 0.053, 0.046,
        0.051, 0.059, 0.051],
       [0.029, 0.05 , 0.043, 0.035, 0.054, 0.039, 0.036, 0.068, 0.057,
        0.064, 0.071, 0.059, 0.046, 0.065, 0.045, 0.051, 0.048, 0.04 ,
        0.036, 0.071, 0.062, 0.069, 0.061, 0.038, 0.068, 0.085, 0.04 ,
        0.061, 0.059, 0.039],
       [0.055, 0.071, 0.062, 0.041, 0.051, 0.038, 0.051, 0.038, 0.045,
        0.063, 0.053, 0.065, 0.044, 0.03 , 0.058, 0.051, 0.043, 0.075,
        0.03 , 0.031, 0.062, 0.061, 0.08 , 0.082, 0.06 , 0.07 , 0.083,
        0.028, 0.022, 0.051],
       [0.057, 0.065, 0.071, 0.035, 0.032, 0.035, 0.042, 0.044, 0.033,
        0.055, 0.037, 0.068, 0.029, 0.045, 0.033, 0.044, 0.039, 0.052,
        0.038, 0.033, 0.039, 0.038, 0.082, 0.069, 0.047, 0.059, 0.066,
        0.035, 0.038, 0.056],
       [0.035, 0.06 , 0.041, 0.036, 0.069, 0.036, 0.052, 0.069, 0.069,
        0.073, 0.062, 0.058, 0.048, 0.068, 0.044, 0.071, 0.045, 0.043,
        0.026, 0.062, 0.067, 0.068, 0.06 , 0.047, 0.097, 0.091, 0.054,
        0.047, 0.055, 0.033],
       [0.048, 0.061, 0.039, 0.038, 0.057, 0.043, 0.049, 0.083, 0.061,
        0.065, 0.055, 0.049, 0.047, 0.061, 0.057, 0.058, 0.055, 0.042,
        0.036, 0.054, 0.053, 0.085, 0.07 , 0.059, 0.091, 0.076, 0.051,
        0.042, 0.04 , 0.054],
       [0.052, 0.063, 0.06 , 0.032, 0.045, 0.027, 0.04 , 0.049, 0.042,
        0.065, 0.031, 0.061, 0.037, 0.042, 0.034, 0.049, 0.034, 0.043,
        0.045, 0.035, 0.046, 0.04 , 0.083, 0.066, 0.054, 0.051, 0.079,
        0.031, 0.04 , 0.049],
       [0.031, 0.036, 0.027, 0.052, 0.083, 0.07 , 0.047, 0.078, 0.081,
        0.044, 0.078, 0.038, 0.054, 0.063, 0.045, 0.071, 0.071, 0.042,
        0.039, 0.069, 0.051, 0.061, 0.028, 0.035, 0.047, 0.042, 0.031,
        0.068, 0.074, 0.026],
       [0.027, 0.045, 0.032, 0.065, 0.062, 0.065, 0.049, 0.075, 0.076,
        0.03 , 0.059, 0.034, 0.06 , 0.037, 0.069, 0.055, 0.06 , 0.033,
        0.052, 0.051, 0.059, 0.059, 0.022, 0.038, 0.055, 0.04 , 0.04 ,
        0.074, 0.073, 0.031],
       [0.049, 0.071, 0.06 , 0.048, 0.037, 0.029, 0.062, 0.037, 0.044,
        0.047, 0.035, 0.063, 0.044, 0.024, 0.037, 0.049, 0.029, 0.063,
        0.04 , 0.04 , 0.051, 0.039, 0.051, 0.056, 0.033, 0.054, 0.049,
        0.026, 0.031, 0.068]])
